# Created by Octave 7.1.0, Fri May 27 10:01:03 2022 GMT <unknown@DESKTOP-6NVBRHN>
# name: v
# type: matrix
# rows: 10
# columns: 1
 399900
 329900
 369000
 232000
 539900
 299900
 314900
 198999
 212000
 242500


